   0.0000000e+00   2.4051000e+00
   2.0000000e-01   2.8759000e+00
   4.0000000e-01   3.4072000e+00
   6.0000000e-01   3.9690000e+00
   8.0000000e-01   4.5147000e+00
   1.0000000e+00   4.9844000e+00
   1.2000000e+00   5.3149000e+00
   1.4000000e+00   5.4541000e+00
   1.6000000e+00   5.3752000e+00
   1.8000000e+00   5.0849000e+00
   2.0000000e+00   4.6224000e+00
   2.2000000e+00   4.0482000e+00
   2.4000000e+00   3.4297000e+00
   2.6000000e+00   2.8260000e+00
   2.8000000e+00   2.2793000e+00
   3.0000000e+00   1.8125000e+00
   3.2000000e+00   1.4322000e+00
   3.4000000e+00   1.1336000e+00
   3.6000000e+00   9.0590000e-01
   3.8000000e+00   7.3640000e-01
   4.0000000e+00   6.1310000e-01
   4.2000000e+00   5.2580000e-01
   4.4000000e+00   4.6680000e-01
   4.6000000e+00   4.3020000e-01
   4.8000000e+00   4.1250000e-01
   5.0000000e+00   4.1140000e-01
   5.2000000e+00   4.2630000e-01
   5.4000000e+00   4.5750000e-01
   5.6000000e+00   5.0640000e-01
   5.8000000e+00   5.7480000e-01
   6.0000000e+00   6.6480000e-01
   6.2000000e+00   7.7760000e-01
   6.4000000e+00   9.1290000e-01
   6.6000000e+00   1.0671000e+00
   6.8000000e+00   1.2324000e+00
   7.0000000e+00   1.3961000e+00
   7.2000000e+00   1.5416000e+00
   7.4000000e+00   1.6501000e+00
   7.6000000e+00   1.7052000e+00
   7.8000000e+00   1.6966000e+00
   8.0000000e+00   1.6234000e+00
   8.2000000e+00   1.4945000e+00
   8.4000000e+00   1.3263000e+00
   8.6000000e+00   1.1387000e+00
   8.8000000e+00   9.5030000e-01
   9.0000000e+00   7.7560000e-01
   9.2000000e+00   6.2330000e-01
   9.4000000e+00   4.9710000e-01
   9.6000000e+00   3.9650000e-01
   9.8000000e+00   3.1880000e-01
   1.0000000e+01   2.6050000e-01
   1.0200000e+01   2.1780000e-01
   1.0400000e+01   1.8750000e-01
   1.0600000e+01   1.6700000e-01
   1.0800000e+01   1.5460000e-01
   1.1000000e+01   1.4900000e-01
   1.1200000e+01   1.4960000e-01
   1.1400000e+01   1.5650000e-01
   1.1600000e+01   1.7010000e-01
   1.1800000e+01   1.9130000e-01
